function CP = CP_func(TS,FAR)

A0 = 0.992313;
A1 = 0.236688;
A2 = -1.852148;
A3 = 6.083152;
A4 = -8.893933;
A5 = 7.097112;
A6 = -3.234725;
A7 = 0.794571;
A8 = -0.081873;

B0 = -0.718874;
B1 = 8.747481;
B2 = -15.863157;
B3 = 17.254096;
B4 = -10.233795;
B5 = 3.081778;
B6 = -0.361112;
B7 = -0.003919;

TZ = TS/1000;

CP = A0 + A1 * TZ + A2 * TZ^2 + A3 * TZ^3 + A4 * TZ^4 + A5 * TZ^5 + A6 * TZ^6 + A7 * TZ^7 + A8 * TZ^8 + FAR/(1+FAR)*(B0 + B1 * TZ + B2 * TZ^2 + B3 * TZ^3 + B4 * TZ^4 + B5 * TZ^5 + B6 * TZ^6 + B7 * TZ^7);
CP = 1000*CP; % J/(kg.K)
end

